RUN 	1
20	20	-0.0
40	20	-0.0
40	20	40	40	5.23198700305963E-5
60	20	5.23198700305963E-5
80	20	5.23198700305963E-5
80	20	80	40	5.925872342734169E-5
100	20	5.925872342734169E-5
120	20	5.925872342734169E-5
120	20	120	40	7.942289455585483E-5
80	80	6.036706966033391E-5
160	80	6.87464596664219E-5
160	40	5.2725645383509155E-5
200	40	6.225278796283983E-5
200	40	240	80	6.225278796283983E-5
240	40	6.172959862479838E-5
280	40	6.048811553806004E-5
280	40	320	80	6.044460021259278E-5
160	160	6.021357185022866E-5
320	160	5.479942304074252E-5
400	80	5.3598863183291247E-5
480	80	5.479942304074252E-5
480	80	480	160	5.514212332008826E-5
560	80	5.434590618663991E-5
640	80	5.412955047595449E-5
640	80	640	160	5.412955047595449E-5
320	320	5.4008327547452806E-5
640	320	5.284884260099269E-5
800	160	5.230108076078217E-5
960	160	5.1594821308371486E-5
960	160	960	320	5.1594821308371486E-5
640	640	5.1594821308371486E-5
1280	640	5.1594821308371486E-5
1280	320	5.0590346797383096E-5
1600	320	5.1594821308371486E-5
1600	320	1920	640	5.1594821308371486E-5
1920	320	5.108575548821483E-5
2240	320	5.1594821308371486E-5
2240	320	2560	640	5.098927090384271E-5
2560	320	5.098927090384271E-5
2880	320	5.098927090384271E-5
2880	320	3200	640	5.1594821308371486E-5
1280	1280	5.1594821308371486E-5
2560	1280	5.1594821308371486E-5
3840	1280	5.1594821308371486E-5
3840	640	5.1594821308371486E-5
4480	640	5.1594821308371486E-5
4480	640	5120	1280	5.059093260048942E-5
2560	2560	5.059093260048942E-5
5120	2560	5.049183232822465E-5
6400	1280	5.049183232822465E-5
7680	1280	5.049183232822465E-5
7680	1280	7680	2560	5.138849138049329E-5
5120	5120	5.078971433885642E-5
10240	5120	5.138849138049329E-5
10240	2560	5.049144331981856E-5
12800	2560	5.1594821308371486E-5
12800	2560	15360	5120	5.149155079247536E-5
10240	10240	5.079030476817856E-5
20480	10240	5.0689442471048443E-5
RUN 	2
RUN 	3
RUN 	4
RUN 	5
RUN 	6
RUN 	7
RUN 	8
RUN 	9
RUN 	10
