RUN 	1
20	20	-0.0
40	20	-0.0
40	20	40	40	52.95471317457582
60	20	83.13560319922581
80	20	83.13560319922581
80	20	80	40	64.43399556680195
100	20	64.43399556680195
120	20	47.920954604937975
120	20	120	40	5.0521052337724806
80	80	5.0521052337724806
160	80	5.0521052337724806
160	40	14.10651664420337
200	40	14.10651664420337
200	40	240	80	47.920954604937975
240	40	7.8088274597773655
280	40	47.920954604937975
280	40	320	80	21.57276554802741
160	160	18.961809477319235
320	160	21.57276554802741
400	80	15.881884871957634
480	80	13.656928309005464
480	80	480	160	8.148085996442717
560	80	8.148085996442717
640	80	8.148085996442717
640	80	640	160	7.107103961268729
720	80	7.107103961268729
800	80	7.107103961268729
800	80	800	160	19.775697637839414
880	80	18.151850338004643
960	80	21.457290544964554
960	80	960	160	5.135685802632954
320	320	3.8648141507319203
640	320	3.6871684531260223
960	320	5.135685802632954
1120	160	16.123170445807375
1280	160	8.495219551866333
1280	160	1280	320	8.495219551866333
640	640	3.5732747468571873
1280	640	5.090252628823283
1600	320	3.6342311945190886
1920	320	5.090252628823283
1920	320	1920	640	5.746739039188978
1280	1280	4.139764813805957
2560	1280	4.37889919577782
2560	640	4.37889919577782
3200	640	4.37889919577782
3200	640	3840	1280	3.060806299319974
3840	640	3.060806299319974
4480	640	3.060806299319974
4480	640	5120	1280	3.4491867421170013
2560	2560	3.126098806968918
5120	2560	3.4491867421170013
6400	1280	3.4491867421170013
7680	1280	3.4491867421170013
7680	1280	7680	2560	3.4491867421170013
8960	1280	3.11776993225172
10240	1280	3.4491867421170013
10240	1280	10240	2560	3.4491867421170013
5120	5120	3.4491867421170013
10240	5120	3.1243722088378014
RUN 	2
RUN 	3
RUN 	4
RUN 	5
RUN 	6
RUN 	7
RUN 	8
RUN 	9
RUN 	10
